// solution (optimal) with objective 21.5
// Quality Incumbent solution:
// MILP objective                                 2.1500000000e+01
// MILP solution norm |x| (Total, Max)            2.85500e+02  2.15000e+01
// MILP solution error (Ax=b) (Total, Max)        0.00000e+00  0.00000e+00
// MILP x bound error (Total, Max)                0.00000e+00  0.00000e+00
// MILP x integrality error (Total, Max)          0.00000e+00  0.00000e+00
// MILP slack bound error (Total, Max)            0.00000e+00  0.00000e+00
// 

Cmax = 21.5;
Ca = [21.5 21.5 0 0];
S = [[0 6 11]
             [0 4.5 0]
             [0 5 9]
             [9 0 0]];
x = [[[[0 0 0]
                     [0 0 0]
                     [0 0 0]
                     [0 0 0]]
                 [[0 0 0]
                     [1 0 0]
                     [0 0 0]
                     [0 0 0]]
                 [[0 0 0]
                     [0 1 0]
                     [1 0 0]
                     [0 0 0]]]
             [[[0 0 0]
                     [0 0 0]
                     [0 0 0]
                     [0 0 0]]
                 [[0 0 0]
                     [0 0 0]
                     [1 0 0]
                     [0 0 0]]
                 [[0 0 0]
                     [0 0 0]
                     [0 0 0]
                     [0 0 0]]]
             [[[0 0 0]
                     [0 0 0]
                     [0 0 0]
                     [0 0 0]]
                 [[1 0 0]
                     [0 0 0]
                     [0 0 0]
                     [0 0 0]]
                 [[0 1 0]
                     [1 0 0]
                     [0 0 0]
                     [0 0 0]]]
             [[[1 0 0]
                     [0 0 0]
                     [0 1 0]
                     [0 0 0]]
                 [[0 0 0]
                     [0 0 0]
                     [0 0 0]
                     [0 0 0]]
                 [[0 0 0]
                     [0 0 0]
                     [0 0 0]
                     [0 0 0]]]];
C = [[5 9 13.5]
             [4.5 6.5 0]
             [3 9 12.5]
             [16 0 0]];
Cpart = [13.5 6.5 12.5 16];
Sa = [13.5 16 0 0];
Inventory = [[0 0 1 0]
             [0 9.5 0 0]
             [0 0 0 0]
             [0 0 0 0]];
