// solution (optimal) with objective 23.5
// Quality Incumbent solution:
// MILP objective                                 2.3500000000e+01
// MILP solution norm |x| (Total, Max)            5.13000e+02  2.35000e+01
// MILP solution error (Ax=b) (Total, Max)        7.10543e-15  3.55271e-15
// MILP x bound error (Total, Max)                0.00000e+00  0.00000e+00
// MILP x integrality error (Total, Max)          0.00000e+00  0.00000e+00
// MILP slack bound error (Total, Max)            3.55271e-15  1.77636e-15
// 

Cmax = 23.5;
Ca = [23.5 23.5 23.5];
S = [[0 3 0 0]
             [0 10 15.5 0]
             [0 4 7 9]
             [7 14 0 0]
             [4 10 12.5 0]];
x = [[[[0 0 0 0]
                     [0 0 0 0]
                     [0 0 0 0]
                     [0 0 0 0]
                     [0 0 0 0]]
                 [[0 0 0 0]
                     [0 0 0 0]
                     [0 0 0 0]
                     [0 0 0 0]
                     [0 0 0 0]]
                 [[0 0 0 0]
                     [0 0 0 0]
                     [0 0 0 0]
                     [0 0 0 0]
                     [0 0 0 0]]
                 [[0 0 0 0]
                     [0 0 0 0]
                     [0 0 0 0]
                     [0 0 0 0]
                     [0 0 0 0]]]
             [[[0 0 0 0]
                     [0 0 0 0]
                     [0 0 0 0]
                     [0 0 0 0]
                     [0 0 0 0]]
                 [[0 0 0 0]
                     [0 0 0 0]
                     [1 0 0 0]
                     [0 0 0 0]
                     [1 0 0 0]]
                 [[1 0 0 0]
                     [0 0 0 0]
                     [0 1 0 0]
                     [1 0 0 0]
                     [0 0 1 0]]
                 [[0 0 0 0]
                     [0 0 0 0]
                     [0 0 0 0]
                     [0 0 0 0]
                     [0 0 0 0]]]
             [[[0 0 0 0]
                     [0 0 0 0]
                     [0 0 0 0]
                     [0 0 0 0]
                     [0 0 0 0]]
                 [[1 0 0 0]
                     [0 0 0 0]
                     [0 0 0 0]
                     [0 0 0 0]
                     [0 0 0 0]]
                 [[0 0 0 0]
                     [1 0 0 0]
                     [0 0 0 0]
                     [0 0 0 0]
                     [0 0 0 0]]
                 [[0 1 0 0]
                     [0 0 0 0]
                     [0 0 0 0]
                     [0 0 0 0]
                     [0 0 0 0]]]
             [[[1 0 0 0]
                     [0 0 0 0]
                     [0 1 0 0]
                     [0 0 0 0]
                     [0 0 0 0]]
                 [[0 0 0 0]
                     [0 1 0 0]
                     [1 0 0 0]
                     [0 0 0 0]
                     [1 0 0 0]]
                 [[0 0 0 0]
                     [0 0 0 0]
                     [0 0 0 0]
                     [0 0 0 0]
                     [0 0 0 0]]
                 [[0 0 0 0]
                     [0 0 0 0]
                     [0 0 0 0]
                     [0 0 0 0]
                     [0 0 0 0]]]
             [[[0 0 0 0]
                     [0 0 0 0]
                     [1 0 0 0]
                     [0 0 0 0]
                     [0 0 0 0]]
                 [[0 0 0 0]
                     [1 0 0 0]
                     [0 0 1 0]
                     [0 0 0 0]
                     [0 0 0 0]]
                 [[1 0 0 0]
                     [0 0 0 0]
                     [0 1 0 0]
                     [1 0 0 0]
                     [0 0 0 0]]
                 [[0 0 0 0]
                     [0 0 0 0]
                     [0 0 0 0]
                     [0 0 0 0]
                     [0 0 0 0]]]];
C = [[3 8 0 0]
             [2 14 16.5 0]
             [4 7 9 13]
             [12 17.5 0 0]
             [10 12.5 15.5 0]];
Cpart = [8 16.5 13 17.5 15.5];
Sa = [17.5 19 16.5];
Inventory = [[9.5 1 0 0 0]
             [0 2.5 6 0 3.5]
             [8.5 0 3.5 0 1]];
