Generation 50: Best Makespan = 22.50

--- Best solution found ---
Operation Sequence: [(2, 3), (2, 0), (2, 3), (4, 2), (2, 3), (1, 2), (4, 2), (0, 1), (0, 0), (1, 0), (1, 0), (3, 0), (1, 2), (2, 0), (2, 1), (0, 0), (2, 0), (1, 0), (4, 2), (0, 0), (4, 2), (0, 0), (0, 0), (4, 1), (4, 0), (4, 0), (3, 0), (3, 1), (1, 2), (2, 1), (2, 3), (2, 3), (3, 0), (2, 3), (4, 0), (2, 0), (2, 1), (3, 0), (2, 2), (4, 1), (3, 0), (1, 2), (3, 1), (2, 3), (2, 1), (4, 1), (2, 0), (1, 1), (1, 0), (4, 0), (1, 0), (0, 1), (0, 1), (0, 1), (1, 0), (3, 1), (3, 0), (1, 1), (2, 3), (3, 1), (4, 1), (2, 2), (3, 1), (3, 1), (2, 3), (2, 1), (2, 0), (0, 1), (0, 1), (2, 2), (2, 1), (1, 0), (4, 2), (3, 1), (4, 1), (4, 2), (2, 0), (1, 1), (2, 2), (3, 1), (2, 3), (0, 0), (3, 0), (2, 1), (2, 0), (0, 0), (2, 0), (1, 2), (1, 0), (4, 1), (1, 1), (1, 2), (4, 2), (2, 2), (0, 0), (2, 2), (1, 1), (4, 2), (1, 0), (4, 1), (4, 2), (0, 0), (1, 0), (3, 1), (3, 1), (1, 1), (1, 2), (3, 1), (1, 1), (0, 0), (3, 0), (0, 1), (0, 0), (4, 2), (0, 1), (2, 3), (0, 0), (1, 2), (3, 0), (2, 3), (1, 2), (2, 1), (2, 1), (2, 2), (3, 0), (3, 1), (2, 3), (3, 1), (1, 1), (1, 0), (3, 1), (2, 2), (2, 1), (3, 1), (1, 0), (3, 1), (4, 1), (1, 0), (2, 1), (1, 2), (4, 0), (2, 2), (2, 0), (1, 1), (1, 0), (4, 2), (2, 3), (2, 3), (4, 1), (2, 3), (2, 0), (2, 1), (3, 1), (3, 0), (4, 1), (1, 1), (4, 1), (2, 2), (0, 0), (2, 3), (1, 1), (2, 0), (3, 0), (1, 1), (0, 0), (2, 1), (3, 1), (0, 0), (4, 0), (4, 1), (2, 0), (2, 3), (4, 1), (2, 0), (4, 2), (4, 0), (1, 0), (4, 0), (1, 2), (0, 1), (2, 2), (2, 2), (4, 1), (1, 0), (1, 2), (4, 0), (3, 1), (4, 1), (3, 1), (2, 3), (2, 1), (2, 1), (2, 1), (2, 0), (2, 1), (1, 0), (2, 0), (0, 0), (3, 1), (4, 1), (4, 1), (1, 0), (0, 1), (4, 0), (3, 0), (3, 1), (4, 2), (1, 1), (1, 1), (4, 2), (4, 2), (2, 3), (1, 0), (2, 0), (4, 0), (2, 0), (1, 0), (2, 2), (4, 1), (4, 1), (3, 1), (3, 1), (2, 2), (2, 1), (4, 1), (3, 0), (0, 1), (1, 1), (3, 0), (0, 1), (3, 1), (4, 1), (2, 1), (3, 0), (3, 1), (0, 0), (3, 0), (1, 1), (0, 0), (1, 2), (1, 2), (4, 0), (1, 2), (2, 0), (1, 1), (4, 2), (2, 0), (1, 0), (2, 3), (4, 2), (1, 0), (0, 1), (2, 3), (2, 0), (2, 0), (1, 1), (0, 0), (1, 0), (0, 0), (1, 2), (1, 1), (2, 2), (2, 3), (0, 0), (4, 1), (3, 0), (0, 0), (1, 0), (4, 2), (3, 0), (2, 2), (1, 1), (0, 0), (4, 2), (1, 1), (2, 2), (4, 1), (2, 3), (2, 0), (2, 2), (4, 2), (1, 2), (3, 0), (2, 0), (2, 3), (4, 2), (4, 1), (2, 0), (0, 0), (4, 0), (0, 1), (2, 0), (0, 0), (2, 1), (4, 1), (2, 3), (1, 2), (4, 0), (1, 0), (1, 2), (1, 2), (1, 1), (3, 1), (0, 1), (0, 0), (4, 2), (0, 0), (2, 1), (4, 1), (3, 0), (3, 0), (2, 2), (0, 0), (1, 2), (1, 0), (1, 1), (3, 0), (1, 0), (2, 3), (1, 1), (4, 2), (2, 2), (2, 3), (2, 0), (4, 0), (2, 1), (2, 1), (1, 1), (4, 2), (1, 2), (2, 2), (4, 0), (2, 0), (3, 1), (4, 1), (0, 1), (2, 1), (2, 3), (2, 3), (1, 2), (2, 1), (3, 1), (2, 0), (0, 1), (1, 0), (4, 1), (1, 2), (2, 2), (1, 1), (3, 1), (2, 0), (2, 2), (0, 1), (4, 0), (2, 1), (2, 0), (3, 0), (1, 0), (0, 0), (2, 3), (3, 1), (4, 1), (3, 0), (4, 0), (1, 1), (0, 1), (2, 1), (1, 1), (2, 1), (2, 2), (1, 0), (2, 2), (2, 3), (3, 0), (4, 0), (1, 1), (3, 1), (4, 0), (0, 0), (2, 1), (3, 1), (1, 1), (2, 2), (2, 2), (4, 1), (2, 2), (1, 0), (1, 0), (0, 0), (1, 2), (1, 1), (2, 3), (1, 2), (0, 0), (4, 1), (1, 1), (1, 2), (1, 1), (2, 2), (0, 0), (0, 0), (1, 0), (4, 0), (4, 2), (3, 0), (3, 0), (4, 2), (2, 1), (4, 0), (2, 3), (0, 1), (3, 0), (4, 2), (1, 2), (2, 2), (3, 0), (4, 1), (3, 1), (1, 0), (2, 3), (3, 0), (2, 1), (3, 1), (2, 3), (1, 0), (2, 0), (1, 2), (4, 2), (1, 1), (3, 0), (2, 1), (4, 1), (4, 1), (3, 0), (2, 0), (0, 1), (4, 2), (3, 1), (1, 0), (3, 0), (4, 2), (1, 1), (2, 2), (2, 1), (2, 2), (2, 0), (4, 1), (0, 0), (3, 1), (2, 3), (1, 2), (0, 1), (2, 2), (2, 0), (4, 1), (4, 1), (1, 2), (4, 0), (1, 2), (2, 3), (1, 2), (2, 1), (0, 0), (0, 1), (3, 0), (2, 2), (2, 1), (2, 1), (1, 0), (2, 1), (1, 1), (0, 0), (2, 1), (4, 0), (2, 0), (1, 0), (1, 0), (4, 2), (0, 1), (4, 1), (2, 2), (4, 1), (4, 0), (2, 0), (0, 1), (2, 3), (0, 0), (1, 0), (2, 1), (2, 2), (2, 0), (1, 0), (1, 0), (0, 1), (4, 0), (3, 1), (4, 1), (1, 2), (4, 1), (4, 1), (1, 1), (2, 0), (0, 1), (1, 0), (3, 1), (2, 1), (1, 0), (4, 0), (4, 2), (4, 0), (0, 0), (1, 0), (1, 0), (4, 0), (3, 1), (3, 0), (4, 2), (2, 0), (3, 1), (2, 3), (4, 1), (1, 1), (1, 2), (2, 3), (3, 0), (3, 1), (2, 3), (1, 1), (2, 2), (1, 2), (3, 1), (1, 1), (2, 3), (2, 0), (0, 0), (2, 1), (1, 1), (3, 0), (1, 2), (4, 2), (4, 2), (2, 2), (0, 0), (0, 1), (1, 2), (0, 1), (0, 0), (4, 0), (4, 0), (0, 1), (2, 2), (2, 0), (4, 1), (3, 0), (2, 2), (2, 1), (1, 1), (3, 1), (3, 1), (1, 0), (1, 1), (2, 2), (1, 1), (4, 0), (1, 2), (1, 2), (1, 0), (3, 1), (3, 1), (1, 1), (2, 2), (4, 1), (1, 1), (2, 0), (0, 0), (4, 0), (1, 1), (0, 0), (1, 2), (0, 0), (1, 2), (1, 1), (2, 3), (2, 3), (4, 0), (0, 1), (0, 1), (2, 3), (3, 0), (2, 2), (2, 1), (0, 1), (2, 0), (1, 0), (2, 1), (3, 1), (2, 3), (3, 0), (2, 1), (4, 0), (2, 0)]
Assembly Priority: [2, 0, 1]
Best Makespan (Cmax): 22.50

=== Part Processing Times ===
Part 0 - Op 0: Start = 0.00, End = 3.00
Part 0 - Op 1: Start = 3.00, End = 8.00
  Last operation ends at: 8.00
  Inventory time before assembly: 5.50

Part 1 - Op 0: Start = 8.00, End = 10.00
Part 1 - Op 1: Start = 13.50, End = 17.50
Part 1 - Op 2: Start = -1.00, End = -1.00
  Last operation ends at: -1.00
  Inventory time before assembly: 16.50

Part 2 - Op 0: Start = 0.00, End = 4.00
Part 2 - Op 1: Start = 8.00, End = 11.00
Part 2 - Op 2: Start = 12.50, End = 14.50
Part 2 - Op 3: Start = -1.00, End = -1.00
  Last operation ends at: -1.00
  Inventory time before assembly: 16.50

Part 3 - Op 0: Start = 3.00, End = 8.00
Part 3 - Op 1: Start = 10.00, End = 13.50
  Last operation ends at: 13.50
  Inventory time before assembly: 0.00

Part 4 - Op 0: Start = 4.00, End = 10.00
Part 4 - Op 1: Start = 10.00, End = 12.50
Part 4 - Op 2: Start = 12.50, End = 15.50
  Last operation ends at: 15.50
  Inventory time before assembly: 0.00

=== Assembly Times ===
Assembly 0: Start = 13.50, End = 19.50
Assembly 1: Start = 15.50, End = 20.00
Assembly 2: Start = 15.50, End = 22.50